%YAML:1.0
---
intrinsic: !!opencv-matrix
   rows: 3
   cols: 3
   dt: d
   data: [ 1.4010203607796768e+03, 0., 9.6636458974855714e+02, 0.,
       1.4055953467176366e+03, 5.3075930596957312e+02, 0., 0., 1. ]
distCoeffs: !!opencv-matrix
   rows: 1
   cols: 5
   dt: d
   data: [ 9.4605974191002945e-02, -5.9976142844317637e-01,
       -9.8354200653179416e-05, 2.0852325504220437e-03,
       9.3155686988443176e-01 ]
