%YAML:1.0
---
intrinsic: !!opencv-matrix
   rows: 3
   cols: 3
   dt: d
   data: [ 6.0939085872760927e+02, 0., 3.2773465200432383e+02, 0.,
       6.0892132721629184e+02, 2.3167797452175276e+02, 0., 0., 1. ]
distCoeffs: !!opencv-matrix
   rows: 1
   cols: 5
   dt: d
   data: [ 1.0770302963635781e-01, -4.5327947304468286e-01,
       -3.4618384447731923e-03, -6.7816763563479238e-03,
       3.6114669378659903e-01 ]
