%YAML:1.0
---
intrinsic: !!opencv-matrix
   rows: 3
   cols: 3
   dt: d
   data: [ 1.4635442708692713e+03, 0., 9.6973791660883853e+02, 0.,
       1.4623617251395699e+03, 5.3699100554039637e+02, 0., 0., 1. ]
distCoeffs: !!opencv-matrix
   rows: 1
   cols: 5
   dt: d
   data: [ 2.7933824525293438e-01, -2.2138095927281451e+00,
       -3.3252794694647661e-03, -3.4433016784689756e-03,
       5.2450580492558290e+00 ]
